import matplotlib.pyplot as plt
import numpy as np
import os

data = [[1.0, 0.0, 0.0, 0.0, 0.0],
[0.0, 1.0, 0.0, 0.0, 0.0],
[0.0, 0.0, 1.0, 0.0, 0.0],
[0.0, 0.0, 1.0, 0.0, 0.0],
[0.0, 0.0, 0.0, 0.0, 1.0],
[0.99981, 1.9E-4, 0.0, 0.0, 0.0, 0.0, 0.0, 0.0],
[0.0, 1.909635259665404E-4, 0.9996180729480669, 1.909635259665404E-4, 0.0, 0.0, 0.0, 0.0],
[0.0, 0.0, 1.7996760583095044E-4, 0.9996400647883381, 1.7996760583095044E-4, 0.0, 0.0, 0.0],
[0.0, 0.0, 0.0, 1.8996390685769703E-4, 0.9996200721862846, 1.8996390685769703E-4, 0.0, 0.0],
[0.0, 0.0, 0.0, 0.0, 0.0, 0.0, 1.73E-4, 0.999827],
[0.979219, 0.020779, 2.0E-6, 0.0, 0.0, 0.0, 0.0, 0.0, 0.0, 0.0, 0.0, 0.0, 0.0],
[0.0, 3.917616443803261E-6, 0.020591971432740892, 0.9588082219016306, 0.020591971432740892, 3.917616443803261E-6, 0.0, 0.0, 0.0, 0.0, 0.0, 0.0, 0.0],
[0.0, 0.0, 0.0, 0.0, 2.9374844558114214E-6, 0.020835577245070413, 0.9583229705409475, 0.020835577245070413, 2.9374844558114214E-6, 0.0, 0.0, 0.0, 0.0],
[0.0, 0.0, 0.0, 0.0, 0.0, 2.9381547800350426E-6, 0.020612135166872502, 0.958769853356695, 0.020612135166872502, 2.9381547800350426E-6, 0.0, 0.0, 0.0],
[0.0, 0.0, 0.0, 0.0, 0.0, 0.0, 0.0, 0.0, 0.0, 0.0, 2.0E-6, 0.021039, 0.978959],
[0.904843, 0.094242, 9.14E-4, 1.0E-6, 0.0, 0.0, 0.0, 0.0, 0.0, 0.0, 0.0, 0.0, 0.0, 0.0, 0.0, 0.0, 0.0, 0.0],
[0.0, 0.0, 0.0, 7.54078276246443E-4, 0.08631822651014218, 0.8258553904272228, 0.08631822651014218, 7.54078276246443E-4, 0.0, 0.0, 0.0, 0.0, 0.0, 0.0, 0.0, 0.0, 0.0, 0.0],
[0.0, 0.0, 0.0, 0.0, 0.0, 9.128243607262795E-7, 7.886802476675056E-4, 0.0863860462016922, 0.8256487214525592, 0.0863860462016922, 7.886802476675056E-4, 9.128243607262795E-7, 0.0, 0.0, 0.0, 0.0, 0.0, 0.0],
[0.0, 0.0, 0.0, 0.0, 0.0, 0.0, 0.0, 0.0, 9.129777041714865E-7, 8.280707776835382E-4, 0.08619331207312586, 0.8259554083429729, 0.08619331207312586, 8.280707776835382E-4, 9.129777041714865E-7, 0.0, 0.0, 0.0],
[0.0, 0.0, 0.0, 0.0, 0.0, 0.0, 0.0, 0.0, 0.0, 0.0, 0.0, 0.0, 0.0, 0.0, 0.0, 8.66E-4, 0.094936, 0.904198],
[0.769483, 0.214167, 0.016038, 3.09E-4, 3.0E-6, 0.0, 0.0, 0.0, 0.0, 0.0, 0.0, 0.0, 0.0, 0.0, 0.0, 0.0, 0.0, 0.0, 0.0, 0.0, 0.0, 0.0, 0.0, 0.0, 0.0],
[0.0, 0.0, 0.0, 2.439450798310274E-6, 2.382530279683034E-4, 0.01298113084807507, 0.17362791056973373, 0.6263005322068491, 0.17362791056973373, 0.01298113084807507, 2.382530279683034E-4, 2.439450798310274E-6, 0.0, 0.0, 0.0, 0.0, 0.0, 0.0, 0.0, 0.0, 0.0, 0.0, 0.0, 0.0, 0.0],
[0.0, 0.0, 0.0, 0.0, 0.0, 0.0, 0.0, 0.0, 0.0, 2.7061202200002603E-4, 0.013221794588409679, 0.1738588786747975, 0.6252974294295857, 0.1738588786747975, 0.013221794588409679, 2.7061202200002603E-4, 0.0, 0.0, 0.0, 0.0, 0.0, 0.0, 0.0, 0.0, 0.0],
[0.0, 0.0, 0.0, 0.0, 0.0, 0.0, 0.0, 0.0, 0.0, 0.0, 0.0, 8.130167229409742E-7, 2.601653513411117E-4, 0.012981438015198535, 0.17374086067576325, 0.6260334458819483, 0.17374086067576325, 0.012981438015198535, 2.601653513411117E-4, 8.130167229409742E-7, 0.0, 0.0, 0.0, 0.0, 0.0],
[0.0, 0.0, 0.0, 0.0, 0.0, 0.0, 0.0, 0.0, 0.0, 0.0, 0.0, 0.0, 0.0, 0.0, 0.0, 0.0, 0.0, 0.0, 0.0, 0.0, 2.0E-6, 3.51E-4, 0.016325, 0.213621, 0.769701],
[0.68214, 0.272444, 0.042661, 0.002685, 6.8E-5, 2.0E-6, 0.0, 0.0, 0.0, 0.0, 0.0, 0.0, 0.0, 0.0, 0.0, 0.0, 0.0, 0.0, 0.0, 0.0, 0.0, 0.0, 0.0, 0.0, 0.0, 0.0, 0.0, 0.0, 0.0, 0.0],
[0.0, 0.0, 0.0, 0.0, 7.588243685822429E-7, 4.78059352206813E-5, 0.0020480669708034735, 0.032540665397912324, 0.20653833428945204, 0.5176487371644858, 0.20653833428945204, 0.032540665397912324, 0.0020480669708034735, 4.78059352206813E-5, 7.588243685822429E-7, 0.0, 0.0, 0.0, 0.0, 0.0, 0.0, 0.0, 0.0, 0.0, 0.0, 0.0, 0.0, 0.0, 0.0, 0.0],
[0.0, 0.0, 0.0, 0.0, 0.0, 0.0, 0.0, 0.0, 0.0, 7.594179213516424E-7, 4.708391112380183E-5, 0.0019524634757950726, 0.03252359131772679, 0.20605818052579059, 0.5188358427032848, 0.20605818052579059, 0.03252359131772679, 0.0019524634757950726, 4.708391112380183E-5, 7.594179213516424E-7, 0.0, 0.0, 0.0, 0.0, 0.0, 0.0, 0.0, 0.0, 0.0, 0.0],
[0.0, 0.0, 0.0, 0.0, 0.0, 0.0, 0.0, 0.0, 0.0, 0.0, 0.0, 0.0, 0.0, 0.0, 0.0, 6.526800865787724E-5, 0.0020081296617295717, 0.03238203945830589, 0.20661422964017595, 0.5178606664622615, 0.20661422964017595, 0.03238203945830589, 0.0020081296617295717, 6.526800865787724E-5, 0.0, 0.0, 0.0, 0.0, 0.0, 0.0],
[0.0, 0.0, 0.0, 0.0, 0.0, 0.0, 0.0, 0.0, 0.0, 0.0, 0.0, 0.0, 0.0, 0.0, 0.0, 0.0, 0.0, 0.0, 0.0, 0.0, 0.0, 0.0, 0.0, 0.0, 0.0, 7.7E-5, 0.00265, 0.042745, 0.27208, 0.682448],
[0.683494, 0.270984, 0.042733, 0.002727, 6.2E-5],
[0.21372954025979948, 0.5366618258615362, 0.21372954025979948, 0.03380412587561044, 0.002074967743254389],
[0.03281190617351515, 0.20709019321688635, 0.5201958012191971, 0.20709019321688635, 0.03281190617351515],
[0.032767901377157606, 0.20737908458987694, 0.5197060280659309, 0.20737908458987694, 0.032767901377157606],
[4.8E-5, 0.002738, 0.042888, 0.271321, 0.683005],
[0.468465, 0.320702, 0.149968, 0.048418, 0.010646, 0.0016, 1.85E-4, 1.6E-5],
[0.10263798290363639, 0.21780229025219142, 0.3178817307842595, 0.21780229025219142, 0.10263798290363639, 0.03293961907959071, 0.007221681217173018, 0.0010764226073211687],
[0.031971243304942214, 0.09878966242312108, 0.21173280522428198, 0.30799632848488195, 0.21173280522428198, 0.09878966242312108, 0.031971243304942214, 0.007016249610427524],
[0.0071480417836967845, 0.03181969998211675, 0.09949598152765067, 0.2112117482458632, 0.307797098705042, 0.2112117482458632, 0.09949598152765067, 0.03181969998211675],
[1.2E-5, 1.36E-4, 0.001642, 0.01076, 0.048492, 0.150706, 0.320503, 0.467749],
[0.299642, 0.259413, 0.192919, 0.124459, 0.069346, 0.033213, 0.014025, 0.00493, 0.00152, 4.2E-4, 8.5E-5, 2.6E-5, 2.0E-6],
[0.07902497258147693, 0.12255144184323519, 0.16410263566697897, 0.18996960968328988, 0.16410263566697897, 0.12255144184323519, 0.07902497258147693, 0.04422802823235684, 0.02124213997052945, 0.008791688365729161, 0.0031303738877975044, 0.0010022271008551281, 2.778325760598393E-4],
[0.00818752988901898, 0.019837474410288183, 0.04112729011724741, 0.07373547364230236, 0.11504945970076823, 0.15311658543135598, 0.17789237361803778, 0.15311658543135598, 0.11504945970076823, 0.07373547364230236, 0.04112729011724741, 0.019837474410288183, 0.00818752988901898],
[0.002958319455678736, 0.008342056430508636, 0.01994635295237189, 0.041377813198839035, 0.07452716848265689, 0.11505031641052481, 0.1543417233667983, 0.17821287529143073, 0.1543417233667983, 0.11505031641052481, 0.07452716848265689, 0.041377813198839035, 0.01994635295237189],
[0.0, 2.1E-5, 9.8E-5, 3.65E-4, 0.001587, 0.004995, 0.013995, 0.033425, 0.069503, 0.124289, 0.192866, 0.258621, 0.300235],
[0.219259, 0.202142, 0.173368, 0.138533, 0.102039, 0.069167, 0.043678, 0.025728, 0.013887, 0.006833, 0.003237, 0.0013, 5.26E-4, 2.0E-4, 6.8E-5, 2.5E-5, 1.0E-5, 0.0],
[0.04104294776956106, 0.06016650432277683, 0.08231725041258285, 0.10297130843638512, 0.12028436480036447, 0.12951245816332704, 0.12028436480036447, 0.10297130843638512, 0.08231725041258285, 0.06016650432277683, 0.04104294776956106, 0.026038101181570864, 0.015364336468290739, 0.008219030184099158, 0.004226082355216341, 0.0019368555432034463, 8.198267567250116E-4, 3.1855786422672303E-4],
[0.00778663635241, 0.01453911446958791, 0.024973737230203963, 0.03917677846740456, 0.057467394975705174, 0.07847084423738725, 0.09854219777233068, 0.11516203410015546, 0.1238362195595749, 0.11516203410015546, 0.09854219777233068, 0.07847084423738725, 0.057467394975705174, 0.03917677846740456, 0.024973737230203963, 0.01453911446958791, 0.00778663635241, 0.003926305230055097],
[8.289702559228884E-4, 0.0019244365285685464, 0.004077793713584418, 0.007971757203052043, 0.014824924834827388, 0.02529977911468983, 0.04008481625937867, 0.058971926581214515, 0.08009852837546687, 0.10071063677517852, 0.11675184711799877, 0.12653704901619037, 0.11675184711799877, 0.10071063677517852, 0.08009852837546687, 0.058971926581214515, 0.04008481625937867, 0.02529977911468983],
[2.0E-6, 4.0E-6, 2.5E-5, 9.9E-5, 2.01E-4, 5.39E-4, 0.00137, 0.003294, 0.006884, 0.013871, 0.025875, 0.043422, 0.069601, 0.101593, 0.137714, 0.173493, 0.202959, 0.219054],
[0.158225, 0.152322, 0.141258, 0.125001, 0.106264, 0.086964, 0.068458, 0.052242, 0.037698, 0.026169, 0.017491, 0.011483, 0.0071, 0.004207, 0.002355, 0.001373, 7.05E-4, 3.46E-4, 1.87E-4, 9.1E-5, 3.9E-5, 1.6E-5, 5.0E-6, 1.0E-6, 0.0],
[0.029923913156409198, 0.03981254769136286, 0.05024721586337384, 0.06140973648393588, 0.07220919668408664, 0.08129032481497771, 0.08790448913531591, 0.09147275546120218, 0.08790448913531591, 0.08129032481497771, 0.07220919668408664, 0.06140973648393588, 0.05024721586337384, 0.03981254769136286, 0.029923913156409198, 0.021724173359330537, 0.015170038106914079, 0.010251694955364925, 0.006413297823830847, 0.004096983885658478, 0.0024900519135997007, 0.001420495539955694, 7.434369181076529E-4, 4.190490702998106E-4, 2.0317530681202936E-4],
[0.0038284851690366167, 0.00633822761195044, 0.009598664079916027, 0.014228940477737111, 0.020672624020795474, 0.02856170612476089, 0.03790325342419214, 0.04799223322503263, 0.05814807426054464, 0.06840774046534333, 0.07727745401115767, 0.08345532337735122, 0.08717454750436365, 0.08345532337735122, 0.07727745401115767, 0.06840774046534333, 0.05814807426054464, 0.04799223322503263, 0.03790325342419214, 0.02856170612476089, 0.020672624020795474, 0.014228940477737111, 0.009598664079916027, 0.00633822761195044, 0.0038284851690366167],
[7.46896234296117E-4, 0.0013585497078366779, 0.002367026590507739, 0.003944858799322562, 0.0063753326109255, 0.009910010691413309, 0.014563920014203273, 0.02096986312653435, 0.02884121442433613, 0.038137345423924836, 0.04874416243824331, 0.05924078164750171, 0.06967896262680401, 0.07849812635903669, 0.08477105292889625, 0.08840646738673696, 0.08477105292889625, 0.07849812635903669, 0.06967896262680401, 0.05924078164750171, 0.04874416243824331, 0.038137345423924836, 0.02884121442433613, 0.02096986312653435, 0.014563920014203273],
[2.0E-6, 3.0E-6, 4.0E-6, 1.6E-5, 2.8E-5, 8.3E-5, 1.69E-4, 3.42E-4, 7.03E-4, 0.001351, 0.002407, 0.004272, 0.007097, 0.011302, 0.017774, 0.026318, 0.037688, 0.051942, 0.068755, 0.086887, 0.106624, 0.124686, 0.140542, 0.152036, 0.158969],
[0.13213, 0.128981, 0.121434, 0.112271, 0.099754, 0.088029, 0.074166, 0.060673, 0.048967, 0.037748, 0.028956, 0.021257, 0.01531, 0.010521, 0.007322, 0.004841, 0.003041, 0.001897, 0.001179, 6.94E-4, 3.99E-4, 2.05E-4, 1.18E-4, 6.0E-5, 2.3E-5, 1.5E-5, 5.0E-6, 4.0E-6, 0.0, 0.0],
[0.02142884937376531, 0.027437138263393595, 0.03450564708098332, 0.0416068648112442, 0.0493397029241204, 0.056696952488048555, 0.06307519045892296, 0.06920078027675124, 0.07276210413051533, 0.07450864727780074, 0.07276210413051533, 0.06920078027675124, 0.06307519045892296, 0.056696952488048555, 0.0493397029241204, 0.0416068648112442, 0.03450564708098332, 0.027437138263393595, 0.02142884937376531, 0.01618752809159849, 0.011970334144100807, 0.008571990906922277, 0.005919749246708102, 0.00404631807612943, 0.0026736716374814815, 0.0017081947669123406, 0.0010624757150422086, 6.316203826153257E-4, 3.9137905851342503E-4, 2.2163108068555627E-4],
[0.003895233214397375, 0.005742662124108114, 0.008324979881880586, 0.01154817658390572, 0.015656677980087092, 0.020698832020955075, 0.026418931768149016, 0.033027022206750876, 0.03991177036227656, 0.047239708064330706, 0.05421739172476479, 0.06074543944526636, 0.06591598415476502, 0.0694577401308403, 0.07184183129143822, 0.0694577401308403, 0.06591598415476502, 0.06074543944526636, 0.05421739172476479, 0.047239708064330706, 0.03991177036227656, 0.033027022206750876, 0.026418931768149016, 0.020698832020955075, 0.015656677980087092, 0.01154817658390572, 0.008324979881880586, 0.005742662124108114, 0.003895233214397375, 0.002557069383606607],
[3.8145517096631977E-4, 6.65186746459463E-4, 0.0010699623208909727, 0.0017251546087224971, 0.002696838086438741, 0.004023324845446802, 0.005889512370363543, 0.008468082696371679, 0.011766809291292939, 0.01610107284960894, 0.021176036841795493, 0.02702279513913952, 0.03376738896989336, 0.04119105073964546, 0.048383729465551875, 0.05578407083183879, 0.06227047448137089, 0.06726437230913082, 0.07179130681988542, 0.07380907696732589, 0.07179130681988542, 0.06726437230913082, 0.06227047448137089, 0.05578407083183879, 0.048383729465551875, 0.04119105073964546, 0.03376738896989336, 0.02702279513913952, 0.021176036841795493, 0.01610107284960894],
[0.0, 0.0, 2.0E-6, 1.0E-5, 1.1E-5, 2.9E-5, 6.0E-5, 1.3E-4, 2.06E-4, 3.72E-4, 6.67E-4, 0.00113, 0.001925, 0.003105, 0.004815, 0.007134, 0.010629, 0.01514, 0.021332, 0.028814, 0.038162, 0.048739, 0.060811, 0.074374, 0.087324, 0.100109, 0.111837, 0.121886, 0.128415, 0.132832],
[0.452489, 0.319189, 0.158471, 0.0561, 0.013751],
[0.24423293043390853, 0.34782214382398485, 0.24423293043390853, 0.12096732138767903, 0.042744673920519],
[0.11230963838311112, 0.22714256933274765, 0.32109558456828247, 0.22714256933274765, 0.11230963838311112],
[0.11257574666575944, 0.22681886134091003, 0.32121078398666103, 0.22681886134091003, 0.11257574666575944],
[0.013973, 0.055564, 0.158495, 0.319806, 0.452162],
[0.293586, 0.254832, 0.19291, 0.127354, 0.07289, 0.036539, 0.015849, 0.00604],
[0.1352059405967769, 0.1786227443833447, 0.20595706488847657, 0.1786227443833447, 0.1352059405967769, 0.08942733514391071, 0.05124327380568452, 0.02571495620168496],
[0.08384891581846367, 0.12717770251066435, 0.1684127175220268, 0.19293417216586842, 0.1684127175220268, 0.12717770251066435, 0.08384891581846367, 0.04818715613182198],
[0.048066513715908865, 0.08376040363109072, 0.12757918181276443, 0.16791870269948156, 0.1934169099974177, 0.16791870269948156, 0.12757918181276443, 0.08376040363109072],
[0.005888, 0.015783, 0.036498, 0.073005, 0.127326, 0.19343, 0.255838, 0.292232],
[0.182932, 0.173869, 0.156408, 0.133462, 0.107157, 0.082396, 0.059779, 0.041135, 0.027328, 0.01689, 0.010203, 0.005513, 0.002928],
[0.09214237999030939, 0.10810674897572385, 0.12018467890837205, 0.12671666914708327, 0.12018467890837205, 0.10810674897572385, 0.09214237999030939, 0.07412232327371499, 0.057453244147066276, 0.04183341522105948, 0.02858459273937889, 0.01867311982722709, 0.011749019895659407],
[0.03745891600066169, 0.051349916759821035, 0.06662054898972768, 0.08296781732498537, 0.09687274250351034, 0.107753283795819, 0.11395354925094979, 0.107753283795819, 0.09687274250351034, 0.08296781732498537, 0.06662054898972768, 0.051349916759821035, 0.03745891600066169],
[0.026024751471842904, 0.03781834936766141, 0.051953461953626934, 0.06786621666847358, 0.0839421821455675, 0.09820043931387845, 0.10882917194990313, 0.1145739550975965, 0.10882917194990313, 0.09820043931387845, 0.0839421821455675, 0.06786621666847358, 0.051953461953626934],
[0.002858, 0.005599, 0.00992, 0.016739, 0.026966, 0.041553, 0.059892, 0.082563, 0.108105, 0.133204, 0.155679, 0.174093, 0.182829],
[0.132108, 0.129506, 0.122625, 0.112168, 0.100485, 0.087664, 0.074176, 0.060657, 0.049107, 0.038199, 0.028946, 0.021503, 0.015452, 0.010429, 0.007199, 0.004882, 0.002994, 0.0019],
[0.05769511691801099, 0.06597828451357042, 0.07375304359363807, 0.07988903043242791, 0.0847817447534091, 0.08687215216277748, 0.0847817447534091, 0.07988903043242791, 0.07375304359363807, 0.06597828451357042, 0.05769511691801099, 0.04867453370901555, 0.040081983265258476, 0.03225236454612898, 0.025097646968016193, 0.018863423101138848, 0.013936899932828838, 0.010026555892722614],
[0.029765022566068604, 0.03728906921383316, 0.04493895819109379, 0.053213091355459874, 0.06145962751774349, 0.0685785501749374, 0.07402454256589198, 0.07879109676557616, 0.08057220727997876, 0.07879109676557616, 0.07402454256589198, 0.0685785501749374, 0.06145962751774349, 0.053213091355459874, 0.04493895819109379, 0.03728906921383316, 0.029765022566068604, 0.023307876018812325],
[0.013593418852773738, 0.018340624555950938, 0.02397728887451136, 0.030889186517234393, 0.03878487013360019, 0.046633390070836216, 0.05561746628250439, 0.06361594253287096, 0.07076910053421936, 0.07693907722447794, 0.08176247040932631, 0.08373971695745897, 0.08176247040932631, 0.07693907722447794, 0.07076910053421936, 0.06361594253287096, 0.05561746628250439, 0.046633390070836216],
[0.0019, 0.002985, 0.004853, 0.007022, 0.010689, 0.015354, 0.021392, 0.0291, 0.038297, 0.048715, 0.061096, 0.074449, 0.087875, 0.100541, 0.111815, 0.121862, 0.129268, 0.132787],
[0.095392, 0.094548, 0.091776, 0.087711, 0.083131, 0.077112, 0.071384, 0.063973, 0.056843, 0.050116, 0.043243, 0.037125, 0.031425, 0.025808, 0.021098, 0.016985, 0.013438, 0.010675, 0.008099, 0.00623, 0.004737, 0.003464, 0.002621, 0.001792, 0.001274],
[0.04136815564186625, 0.04614979917727975, 0.049917709050238165, 0.05383638578400975, 0.05714757930873079, 0.05921415770213641, 0.061542527924987496, 0.06215190360509428, 0.061542527924987496, 0.05921415770213641, 0.05714757930873079, 0.05383638578400975, 0.049917709050238165, 0.04614979917727975, 0.04136815564186625, 0.03719021037339085, 0.03251202192238471, 0.02826720934325577, 0.024117651140623846, 0.020125798859344613, 0.01701899220869666, 0.013712214449773504, 0.01097380883140543, 0.008765925932467802, 0.0068116341550652935],
[0.018626608761389198, 0.022055461132007643, 0.026027770215083037, 0.030154446379906902, 0.033974502998792025, 0.03813131246382021, 0.04235261776437345, 0.04624985792413281, 0.049425484842157016, 0.05264816200085114, 0.055057768708418026, 0.05664161725950851, 0.05730877909912006, 0.05664161725950851, 0.055057768708418026, 0.05264816200085114, 0.049425484842157016, 0.04624985792413281, 0.04235261776437345, 0.03813131246382021, 0.033974502998792025, 0.030154446379906902, 0.026027770215083037, 0.022055461132007643, 0.018626608761389198],
[0.01067864050133235, 0.013124491541942465, 0.015995784102143314, 0.019099931485823868, 0.022888053438722997, 0.026680260563963876, 0.031108587382419985, 0.03537584169140141, 0.03929002039084595, 0.04378020839047711, 0.047275365126867946, 0.05108041136518289, 0.054063170770708616, 0.05654053599795508, 0.05788981006282995, 0.058724936008693246, 0.05788981006282995, 0.05654053599795508, 0.054063170770708616, 0.05108041136518289, 0.047275365126867946, 0.04378020839047711, 0.03929002039084595, 0.03537584169140141, 0.031108587382419985],
[0.001287, 0.001813, 0.002541, 0.003501, 0.004631, 0.006268, 0.008141, 0.010734, 0.013753, 0.017173, 0.021443, 0.025643, 0.031055, 0.036871, 0.043502, 0.049934, 0.056942, 0.063952, 0.071159, 0.077273, 0.083419, 0.087642, 0.091319, 0.094249, 0.095755],
[0.07983, 0.079636, 0.077115, 0.075589, 0.072297, 0.068967, 0.064873, 0.060137, 0.055905, 0.050955, 0.045905, 0.041478, 0.036546, 0.032022, 0.027673, 0.023964, 0.020507, 0.017061, 0.014634, 0.012108, 0.009771, 0.007937, 0.006268, 0.005147, 0.003957, 0.003073, 0.00238, 0.001875, 0.001399, 9.91E-4],
[0.03237502854845789, 0.03534283696876014, 0.03856550385950527, 0.041017439337220234, 0.04391199133727441, 0.046087522338591175, 0.0476456063692456, 0.04934712523954542, 0.05010677584951285, 0.05083195284995177, 0.05010677584951285, 0.04934712523954542, 0.0476456063692456, 0.046087522338591175, 0.04391199133727441, 0.041017439337220234, 0.03856550385950527, 0.03534283696876014, 0.03237502854845789, 0.02941276052968701, 0.026445567709554915, 0.02351469529946178, 0.020591210091410468, 0.017964444165372368, 0.015268731020277254, 0.013037180403476664, 0.01110481146936989, 0.009224152949555876, 0.00752940568112773, 0.006275428134528337],
[0.016768410027069625, 0.01909313830885706, 0.02187017727712152, 0.024491668086773576, 0.02725224974132819, 0.030384979038160263, 0.03315246214685127, 0.03631014285479181, 0.03837580116592104, 0.04070371473423296, 0.043291229154290504, 0.04437369569152836, 0.04618559284287353, 0.046865651515851314, 0.04752925287511925, 0.046865651515851314, 0.04618559284287353, 0.04437369569152836, 0.043291229154290504, 0.04070371473423296, 0.03837580116592104, 0.03631014285479181, 0.03315246214685127, 0.030384979038160263, 0.02725224974132819, 0.024491668086773576, 0.02187017727712152, 0.01909313830885706, 0.016768410027069625, 0.014232921953578696],
[0.007473377172543537, 0.009011856107880405, 0.010681864576954003, 0.012729202115661477, 0.015078283878823805, 0.0173220229837445, 0.019981181159019205, 0.02283912152555214, 0.02566254282893245, 0.02869664944879603, 0.03180753122636114, 0.03504994253766298, 0.03772040868190148, 0.04010877075830645, 0.04264532674376321, 0.04490811084904397, 0.047085787608965674, 0.047707725901974196, 0.04911348499105182, 0.04953307015523461, 0.04911348499105182, 0.047707725901974196, 0.047085787608965674, 0.04490811084904397, 0.04264532674376321, 0.04010877075830645, 0.03772040868190148, 0.03504994253766298, 0.03180753122636114, 0.02869664944879603],
[0.001076, 0.001406, 0.001888, 0.002413, 0.003175, 0.004021, 0.005188, 0.006327, 0.007967, 0.009939, 0.011946, 0.01445, 0.017284, 0.020474, 0.024002, 0.028197, 0.032109, 0.036776, 0.04102, 0.046032, 0.050948, 0.055245, 0.060696, 0.064289, 0.06903, 0.072447, 0.07528, 0.077792, 0.07869, 0.079893],
[0.311426, 0.27124, 0.205338, 0.134428, 0.077568],
[0.22698263493791124, 0.26045737891455994, 0.22698263493791124, 0.1718564475832385, 0.11372090362637906],
[0.16199279286915355, 0.21476863514492167, 0.24647714397184955, 0.21476863514492167, 0.16199279286915355],
[0.1624301796102648, 0.21431260338279087, 0.24651443401388867, 0.21431260338279087, 0.1624301796102648],
[0.077741, 0.13492, 0.205052, 0.270815, 0.311472],
[0.19668, 0.186478, 0.167399, 0.142708, 0.114463, 0.087047, 0.062584, 0.042641],
[0.13401480912177663, 0.14904474855464808, 0.15832912728273837, 0.14904474855464808, 0.13401480912177663, 0.11415627580985592, 0.09214261952831054, 0.06925286202624575],
[0.10857322659848322, 0.12829737102252878, 0.14373031859411273, 0.15135574071458832, 0.14373031859411273, 0.12829737102252878, 0.10857322659848322, 0.0874424268551622],
[0.08725716819903723, 0.10898288749650045, 0.12777827328967872, 0.14384896301746927, 0.15152258419366588, 0.14384896301746927, 0.12777827328967872, 0.10898288749650045],
[0.042623, 0.062732, 0.086841, 0.11476, 0.142003, 0.167179, 0.186955, 0.196907],
[0.1221, 0.119848, 0.114044, 0.107955, 0.099171, 0.089394, 0.079149, 0.068417, 0.057784, 0.048117, 0.038675, 0.030951, 0.024395],
[0.08630156680903343, 0.0915470151627149, 0.09603730483867923, 0.09794262827168866, 0.09603730483867923, 0.0915470151627149, 0.08630156680903343, 0.07973894745402609, 0.0716885202810933, 0.06330771118665925, 0.0547671569873235, 0.046169965887158965, 0.03861329631119508],
[0.05894948395061594, 0.06652806425972731, 0.07382733035070846, 0.08030283771243837, 0.08523611598304694, 0.0896205854578762, 0.09107116457117358, 0.0896205854578762, 0.08523611598304694, 0.08030283771243837, 0.07382733035070846, 0.06652806425972731, 0.05894948395061594],
[0.051403437239527894, 0.05938493402275376, 0.06690457204094667, 0.07476278621111035, 0.08085114316058131, 0.08608854939062306, 0.09001434889340323, 0.09196882934438907, 0.09001434889340323, 0.08608854939062306, 0.08085114316058131, 0.07476278621111035, 0.06690457204094667],
[0.024371, 0.031094, 0.039101, 0.048122, 0.057759, 0.067932, 0.078746, 0.089426, 0.099351, 0.107419, 0.115155, 0.119506, 0.122018],
[0.088103, 0.087372, 0.085071, 0.082617, 0.079639, 0.075088, 0.07033, 0.06547, 0.059601, 0.054453, 0.048814, 0.043183, 0.037759, 0.033129, 0.028381, 0.02385, 0.020275, 0.016865],
[0.05826840664732951, 0.06152473665845201, 0.06446892787821953, 0.06646716136348767, 0.0677450221359562, 0.06869438749918216, 0.0677450221359562, 0.06646716136348767, 0.06446892787821953, 0.06152473665845201, 0.05826840664732951, 0.054708116153795824, 0.05067348374152182, 0.04646778836717336, 0.04245087562427758, 0.03749004972411838, 0.03339816914923778, 0.02916862037380324],
[0.044080959523554245, 0.04802591801251024, 0.05212065007256557, 0.05517802053500667, 0.05856588765987362, 0.06132647433013632, 0.06317405015369752, 0.06485803565605798, 0.06532614714949392, 0.06485803565605798, 0.06317405015369752, 0.06132647433013632, 0.05856588765987362, 0.05517802053500667, 0.05212065007256557, 0.04802591801251024, 0.044080959523554245, 0.04001386096370174],
[0.03255622738001824, 0.037072109653971154, 0.04115269549678205, 0.04552602455351887, 0.04933104993626471, 0.053364542305531004, 0.05675209040928683, 0.06011736457285265, 0.06250767655438691, 0.06467333993914759, 0.06618669507548638, 0.06715847526606221, 0.06618669507548638, 0.06467333993914759, 0.06250767655438691, 0.06011736457285265, 0.05675209040928683, 0.053364542305531004],
[0.016639, 0.020308, 0.02431, 0.028069, 0.033172, 0.037785, 0.043524, 0.048487, 0.053985, 0.059473, 0.06568, 0.070436, 0.074887, 0.078962, 0.082649, 0.085578, 0.08768, 0.088376],
[0.0633, 0.063748, 0.062482, 0.061471, 0.059957, 0.058507, 0.056531, 0.054561, 0.052033, 0.049247, 0.046672, 0.044028, 0.04119, 0.038165, 0.035483, 0.032358, 0.029638, 0.027002, 0.024522, 0.021884, 0.019603, 0.017063, 0.015295, 0.013446, 0.011814],
[0.0423310263484338, 0.04365692129362879, 0.045154992780786725, 0.046192797055374414, 0.0473756634558679, 0.04835381601512984, 0.049074381621848795, 0.04925740393023461, 0.049074381621848795, 0.04835381601512984, 0.0473756634558679, 0.046192797055374414, 0.045154992780786725, 0.04365692129362879, 0.0423310263484338, 0.04045606447808139, 0.03855941107488324, 0.036311625983744905, 0.0339730075988151, 0.031627610609871, 0.029480826718545582, 0.027136785450404342, 0.025322831016180526, 0.022884567152240666, 0.02071066884485809],
[0.030120106712670847, 0.03218652629529387, 0.03415245130854921, 0.03631517818681627, 0.037931465844146535, 0.03995130200659391, 0.04147442282357289, 0.04268663856657059, 0.04411188186025916, 0.04537015761421705, 0.04589723069418194, 0.04639342263043489, 0.04681843091338572, 0.04639342263043489, 0.04589723069418194, 0.04537015761421705, 0.04411188186025916, 0.04268663856657059, 0.04147442282357289, 0.03995130200659391, 0.037931465844146535, 0.03631517818681627, 0.03415245130854921, 0.03218652629529387, 0.030120106712670847],
[0.024220976361591446, 0.026404839907181205, 0.028455772628256805, 0.030457698593751147, 0.0330097253906451, 0.03517949949400525, 0.03703072968608723, 0.03863876385359722, 0.040300092867801826, 0.042394519084455795, 0.04379182420296638, 0.044914078905777165, 0.04615701274420679, 0.04678552438453641, 0.04740300950486025, 0.047440377155990955, 0.04740300950486025, 0.04678552438453641, 0.04615701274420679, 0.044914078905777165, 0.04379182420296638, 0.042394519084455795, 0.040300092867801826, 0.03863876385359722, 0.03703072968608723],
[0.011903, 0.013425, 0.015501, 0.017576, 0.019345, 0.021795, 0.024249, 0.026698, 0.029625, 0.032419, 0.034936, 0.03832, 0.041033, 0.044025, 0.047047, 0.049196, 0.051725, 0.05449, 0.056571, 0.058483, 0.060135, 0.061684, 0.062555, 0.063536, 0.063728],
[0.053193, 0.052638, 0.052437, 0.052149, 0.050994, 0.05004, 0.04899, 0.047601, 0.046242, 0.044248, 0.042674, 0.040937, 0.039373, 0.037359, 0.035025, 0.033155, 0.031227, 0.029021, 0.027374, 0.025213, 0.023471, 0.021346, 0.019761, 0.01805, 0.016382, 0.015025, 0.013514, 0.012225, 0.010739, 0.009597],
[0.03398645555307811, 0.03514616418782794, 0.036321045347378254, 0.03752891025649483, 0.03809161302409529, 0.039079146486109224, 0.039793574501714495, 0.03998290122422485, 0.040395198093803146, 0.04042092541846483, 0.040395198093803146, 0.03998290122422485, 0.039793574501714495, 0.039079146486109224, 0.03809161302409529, 0.03752891025649483, 0.036321045347378254, 0.03514616418782794, 0.03398645555307811, 0.03286764676779044, 0.031407126336996286, 0.029875361007139004, 0.028378558451821956, 0.026852070521895272, 0.025392869441083765, 0.02383471711157347, 0.02230229210672486, 0.021035056448389006, 0.01928691772137703, 0.017696441317291797],
[0.02555908504897726, 0.027218330918805406, 0.028535201158973404, 0.029981259719028694, 0.03138372386661173, 0.03263573412724784, 0.03361926660375603, 0.03479259426627148, 0.035654913010539746, 0.03670330546657983, 0.037423676550725024, 0.03784260822179986, 0.03846622097582371, 0.03854490357394436, 0.038686319594890946, 0.03854490357394436, 0.03846622097582371, 0.03784260822179986, 0.037423676550725024, 0.03670330546657983, 0.035654913010539746, 0.03479259426627148, 0.03361926660375603, 0.03263573412724784, 0.03138372386661173, 0.029981259719028694, 0.028535201158973404, 0.027218330918805406, 0.02555908504897726, 0.024592033386940285],
[0.01911802837031931, 0.020447373247408664, 0.02191521789998925, 0.023350809180195164, 0.025038103248736742, 0.026305471057341438, 0.027990235449618334, 0.029610493097145894, 0.030872169134155057, 0.032283096070780344, 0.03357133370856864, 0.034526918917551525, 0.03608899401099144, 0.03689722557755671, 0.03771747310637921, 0.038280958494336687, 0.03922073322666532, 0.0393370983348406, 0.039657102382322625, 0.040190231655103936, 0.039657102382322625, 0.0393370983348406, 0.03922073322666532, 0.038280958494336687, 0.03771747310637921, 0.03689722557755671, 0.03608899401099144, 0.034526918917551525, 0.03357133370856864, 0.032283096070780344],
[0.00971, 0.010735, 0.012152, 0.013312, 0.014874, 0.016597, 0.018192, 0.019835, 0.021352, 0.023602, 0.02531, 0.027056, 0.02921, 0.031194, 0.032815, 0.035265, 0.037123, 0.038898, 0.04109, 0.042642, 0.044459, 0.046207, 0.047682, 0.048776, 0.050356, 0.051319, 0.051822, 0.052376, 0.052887, 0.053152],
[0.272561, 0.24915, 0.207718, 0.158919, 0.111652],
[0.21849906493413118, 0.24024979895888446, 0.21849906493413118, 0.18276806068198462, 0.13998401049086856],
[0.175350441433244, 0.20984002655977177, 0.22961906401396848, 0.20984002655977177, 0.175350441433244],
[0.1754495084677531, 0.2099431180875877, 0.22921474688931842, 0.2099431180875877, 0.1754495084677531],
[0.111389, 0.158831, 0.20806, 0.248747, 0.272973],
[0.171568, 0.166008, 0.154287, 0.138954, 0.120975, 0.10183, 0.08229, 0.064088],
[0.13175146845734004, 0.14119947099910354, 0.14606997265568483, 0.14119947099910354, 0.13175146845734004, 0.11881144927778582, 0.1028185510930092, 0.08639814806063298],
[0.11475651068183963, 0.1271799546003189, 0.13717074055125345, 0.14214533361811615, 0.13717074055125345, 0.1271799546003189, 0.11475651068183963, 0.09964025471505988],
[0.09936213022817758, 0.11450758203243513, 0.1275882243817515, 0.1374686602501224, 0.1415089364432044, 0.1374686602501224, 0.1275882243817515, 0.11450758203243513],
[0.064591, 0.081983, 0.101265, 0.121456, 0.138847, 0.15485, 0.16542, 0.171588],
[0.105864, 0.104627, 0.101886, 0.098083, 0.093075, 0.086724, 0.080635, 0.072772, 0.065923, 0.058051, 0.050822, 0.044018, 0.03752],
[0.0839264863007765, 0.08673645053019101, 0.08889853104399612, 0.09036459933760368, 0.08889853104399612, 0.08673645053019101, 0.0839264863007765, 0.07909216312453214, 0.0744659031758149, 0.06885041734817864, 0.06237750370034156, 0.056151156083702136, 0.04957532147989969],
[0.06494086286931175, 0.07041763952229733, 0.07514220121451487, 0.07918569607582761, 0.08254812410623556, 0.084649981072425, 0.08623099027877575, 0.084649981072425, 0.08254812410623556, 0.07918569607582761, 0.07514220121451487, 0.07041763952229733, 0.06494086286931175],
[0.05944557681998661, 0.06508430224634368, 0.07085992228504971, 0.07580630018080992, 0.0797913871482611, 0.08264436778615365, 0.08516964937413116, 0.08692686738485861, 0.08516964937413116, 0.08264436778615365, 0.0797913871482611, 0.07580630018080992, 0.07085992228504971],
[0.03741, 0.044535, 0.050591, 0.057691, 0.066041, 0.073625, 0.080366, 0.086604, 0.092261, 0.098036, 0.101797, 0.104721, 0.106322],
[0.076607, 0.07595, 0.075462, 0.073799, 0.071588, 0.069038, 0.066323, 0.062785, 0.059457, 0.055976, 0.052308, 0.04881, 0.044287, 0.04068, 0.036906, 0.033456, 0.02994, 0.026628],
[0.05787274030177732, 0.05964929108256304, 0.061665634515684874, 0.06265330222284314, 0.06310786568553244, 0.06422411785843615, 0.06310786568553244, 0.06265330222284314, 0.061665634515684874, 0.05964929108256304, 0.05787274030177732, 0.05528367470771361, 0.052960118659135094, 0.05001032150981795, 0.04662333717696628, 0.04362002108785238, 0.0401767376105392, 0.03720400377273773],
[0.047857935283006754, 0.05086005885778692, 0.053252125235552936, 0.05605495607809618, 0.05746218420405804, 0.05923644311188958, 0.06042611000515947, 0.0612592643440944, 0.061766353629452805, 0.0612592643440944, 0.06042611000515947, 0.05923644311188958, 0.05746218420405804, 0.05605495607809618, 0.053252125235552936, 0.05086005885778692, 0.047857935283006754, 0.045415492131258624],
[0.04007118422311458, 0.042649123578190166, 0.04600794325947723, 0.0489336587863258, 0.05209531911372669, 0.054520702378582156, 0.05680387233899515, 0.05831068694197439, 0.06051951812961062, 0.06139154425548749, 0.06202956485314537, 0.06309099324357519, 0.06202956485314537, 0.06139154425548749, 0.06051951812961062, 0.05831068694197439, 0.05680387233899515, 0.054520702378582156],
[0.026383, 0.02979, 0.03361, 0.03708, 0.040806, 0.044251, 0.04814, 0.052564, 0.056098, 0.059559, 0.062668, 0.066473, 0.069264, 0.071652, 0.07345, 0.075581, 0.076194, 0.076437],
[0.055146, 0.054736, 0.05421, 0.053795, 0.053292, 0.052323, 0.051378, 0.050198, 0.048727, 0.047159, 0.045304, 0.043668, 0.041833, 0.039649, 0.037577, 0.036073, 0.033856, 0.032095, 0.029819, 0.027831, 0.025809, 0.023857, 0.022282, 0.020721, 0.018662],
[0.04174386958671798, 0.042538549587962916, 0.04339409280949466, 0.04450208006971605, 0.045011117912114894, 0.04576983328319034, 0.04541295349150854, 0.04585559509359449, 0.04541295349150854, 0.04576983328319034, 0.045011117912114894, 0.04450208006971605, 0.04339409280949466, 0.042538549587962916, 0.04174386958671798, 0.04046366707818503, 0.038772637832716055, 0.037701998457670666, 0.03611886310271014, 0.03462978908819288, 0.033187745743897254, 0.03137360680284812, 0.030115536374419466, 0.028213560740456407, 0.026822006203898706],
[0.03346129368911637, 0.035004544654822896, 0.0361181286568026, 0.03752929488153356, 0.03900102169896478, 0.039805537848543175, 0.04095514496169803, 0.0419878074820524, 0.04267068037215528, 0.0434558797809586, 0.043935665855885625, 0.0440009251152609, 0.044148150004411524, 0.0440009251152609, 0.043935665855885625, 0.0434558797809586, 0.04267068037215528, 0.0419878074820524, 0.04095514496169803, 0.039805537848543175, 0.03900102169896478, 0.03752929488153356, 0.0361181286568026, 0.035004544654822896, 0.03346129368911637],
[0.02926911145786061, 0.030662257007689965, 0.032183465022162266, 0.03376932593140577, 0.03557214703560261, 0.03685090669468292, 0.038194319248534433, 0.03899688547112689, 0.0405317700594931, 0.04163335592040234, 0.04245705866628538, 0.043308736222405955, 0.04395153519541959, 0.044559521071248734, 0.0447043684220342, 0.04501768629669462, 0.0447043684220342, 0.044559521071248734, 0.04395153519541959, 0.043308736222405955, 0.04245705866628538, 0.04163335592040234, 0.0405317700594931, 0.03899688547112689, 0.038194319248534433],
[0.018837, 0.020593, 0.022115, 0.024285, 0.025812, 0.028119, 0.029743, 0.031962, 0.033837, 0.036008, 0.038034, 0.039688, 0.041754, 0.043924, 0.045264, 0.047123, 0.04818, 0.050111, 0.05094, 0.052029, 0.052589, 0.053997, 0.054709, 0.055049, 0.055298],
[0.04601, 0.04613, 0.045163, 0.04529, 0.045107, 0.044297, 0.043899, 0.042778, 0.042161, 0.041215, 0.040075, 0.039045, 0.038106, 0.036244, 0.035344, 0.034196, 0.032878, 0.031447, 0.029947, 0.028838, 0.02726, 0.025735, 0.024298, 0.023103, 0.021691, 0.020487, 0.019178, 0.017817, 0.016751, 0.01551],
[0.03383600300902033, 0.03465352530416539, 0.03528668454674276, 0.03601538960488441, 0.0367023774759487, 0.037199619431596595, 0.037498368319698994, 0.03786238441984177, 0.03808779180163074, 0.038145657577254174, 0.03808779180163074, 0.03786238441984177, 0.037498368319698994, 0.037199619431596595, 0.0367023774759487, 0.03601538960488441, 0.03528668454674276, 0.03465352530416539, 0.03383600300902033, 0.033021845003155706, 0.03236244430419096, 0.03124011740023873, 0.03020122487044122, 0.028996809308046437, 0.028143625546528793, 0.027022644358288734, 0.02591175603788997, 0.024718779059048658, 0.02361865646434728, 0.02233215224350995],
[0.028194890643772074, 0.02923721463786823, 0.030313591074854717, 0.031377197845757335, 0.0323338586632075, 0.03289785224857858, 0.033679994296215814, 0.03407053325061427, 0.03498728886155234, 0.0352304445865661, 0.03595778348392672, 0.036378650395274374, 0.036702680672152654, 0.03656859917827199, 0.03679632489010106, 0.03656859917827199, 0.036702680672152654, 0.036378650395274374, 0.03595778348392672, 0.0352304445865661, 0.03498728886155234, 0.03407053325061427, 0.033679994296215814, 0.03289785224857858, 0.0323338586632075, 0.031377197845757335, 0.030313591074854717, 0.02923721463786823, 0.028194890643772074, 0.02734251543267353],
[0.023489623999943355, 0.02441718478542835, 0.0256550053201179, 0.02696556309891557, 0.027625347835294557, 0.028773051430381124, 0.030057861512149373, 0.03085604012006151, 0.032001168945445135, 0.03254251427548877, 0.03340956797295462, 0.034256023512796926, 0.035150755984569404, 0.03572106747377114, 0.036315839275150835, 0.036666007954750994, 0.037145558811924016, 0.0373785754700403, 0.037721663532957375, 0.03754400442345435, 0.037721663532957375, 0.0373785754700403, 0.037145558811924016, 0.036666007954750994, 0.036315839275150835, 0.03572106747377114, 0.035150755984569404, 0.034256023512796926, 0.03340956797295462, 0.03254251427548877],
[0.015599, 0.01653, 0.017883, 0.019104, 0.020323, 0.021592, 0.023157, 0.02441, 0.026096, 0.027169, 0.028632, 0.029895, 0.031209, 0.032982, 0.033814, 0.035506, 0.036601, 0.037982, 0.039114, 0.040022, 0.040938, 0.042098, 0.042644, 0.043778, 0.044564, 0.044907, 0.045701, 0.045533, 0.046213, 0.046004],
[0.208416, 0.206228, 0.201359, 0.1959, 0.188097],
[0.20203576635288054, 0.20527550114148785, 0.20203576635288054, 0.19814090292844894, 0.19251206322430217],
[0.19717633320592423, 0.20089086055323643, 0.20386561248167867, 0.20089086055323643, 0.19717633320592423],
[0.19739419832892335, 0.2011096401188316, 0.2029923231044901, 0.2011096401188316, 0.19739419832892335],
[0.188478, 0.196322, 0.201368, 0.205472, 0.20836],
[0.130353, 0.129826, 0.129001, 0.127351, 0.124858, 0.122671, 0.119228, 0.116712],
[0.12602517425253898, 0.12683134207142543, 0.12712795803444482, 0.12683134207142543, 0.12602517425253898, 0.12420289129585313, 0.12288642447761595, 0.1200696935441573],
[0.12378844258339904, 0.12530657622784988, 0.1266723971217884, 0.12654505367463875, 0.1266723971217884, 0.12530657622784988, 0.12378844258339904, 0.12192011445928662],
[0.12217144576410524, 0.123681422911578, 0.12532685480936148, 0.12677628305922994, 0.12625943267555592, 0.12677628305922994, 0.12532685480936148, 0.123681422911578],
[0.116893, 0.119809, 0.122492, 0.125483, 0.127297, 0.128411, 0.129501, 0.130114],
[0.080462, 0.080166, 0.079029, 0.079178, 0.078621, 0.078217, 0.0779, 0.077131, 0.075954, 0.075121, 0.07388, 0.072699, 0.071642],
[0.07800650634824506, 0.0782806029205832, 0.07808000710507317, 0.07876831106745302, 0.07808000710507317, 0.0782806029205832, 0.07800650634824506, 0.07686954151606029, 0.07658166355181689, 0.07608170527880904, 0.07529922847174317, 0.07431921838070177, 0.07334609898561299],
[0.07538944907834698, 0.07605416490559203, 0.07689732431663115, 0.07723156909594335, 0.07755449268111754, 0.07776851716077389, 0.07820896552319012, 0.07776851716077389, 0.07755449268111754, 0.07723156909594335, 0.07689732431663115, 0.07605416490559203, 0.07538944907834698],
[0.07502292508763127, 0.07544303921863685, 0.07606645419374018, 0.07730222850892036, 0.07727274681551646, 0.07722975267930243, 0.07792687188791551, 0.07793792752294197, 0.07792687188791551, 0.07722975267930243, 0.07727274681551646, 0.07730222850892036, 0.07606645419374018],
[0.071509, 0.07287, 0.073983, 0.074787, 0.076233, 0.076681, 0.077605, 0.07819, 0.078778, 0.079271, 0.079851, 0.080229, 0.080013],
[0.058245, 0.05771, 0.057738, 0.057708, 0.057516, 0.057009, 0.05686, 0.056157, 0.056719, 0.055826, 0.055039, 0.054746, 0.054495, 0.054375, 0.053295, 0.052885, 0.052228, 0.051449],
